109
3,9
3,10
3,11,52
3,11,55
3,12,52
3,12,55
3,13,52
3,13,55
3,14,52
3,14,55
3,15,52
3,15,55
3,16,52
3,16,55
3,17,52
3,17,55
3,18,52
3,18,55
3,19,52
3,19,55
3,20
3,21
3,22
3,23
3,24
3,25
3,26
3,27
3,28
3,29
3,30
3,31,36
3,31,52
3,31,55
3,32,36
3,32,52
3,32,55
3,33,45,55
3,34,36
3,34,45,55
3,35
3,36,39
3,36,43
3,36,44
3,36,45
3,36,52
3,36,55
3,36,56
3,36,57
3,36,58
3,36,59
3,36,60
3,37
3,38
3,39,45,55
3,40
3,41
3,42
3,43,52
3,43,55
3,45,52
3,46
3,50
3,51
3,54
4,9,31
4,9,36
4,9,43
4,9,45
4,9,51
4,9,52
4,10,31,36
4,10,31,39
4,10,36,39
4,20,31,36
4,20,31,39
4,20,36,39
4,21,31,36
4,21,31,39
4,21,36,39
4,22,31,36
4,22,31,39
4,22,36,39
4,23,31,36
4,23,31,39
4,23,36,39
4,24,31,36
4,24,31,39
4,24,36,39
4,25,31,36
4,25,31,39
4,25,36,39
4,26,31,36
4,26,31,39
4,26,36,39
4,27,31,36
4,27,31,39
4,27,36,39
4,28,31,36
4,28,31,39
4,28,36,39
4,29,31,36
4,29,31,39
4,29,36,39
4,30,36
4,30,37
4,30,39
4,30,41
4,30,42
4,30,51
4,30,52
4,31,35,36
4,31,35,39
4,31,36,40
4,31,36,46
4,31,36,50
4,31,36,54
4,31,36,55
4,31,37
4,31,39,40
4,31,39,46
4,31,39,50
4,31,39,54
4,31,39,55
4,31,41
4,31,42
4,31,51
4,31,52
4,35,36,39
4,36,37
4,36,39,40
4,36,39,46
4,36,39,50
4,36,39,54
4,36,39,55
4,36,41
4,36,42
4,36,52
4,37,39
4,37,51
4,37,52
4,38
4,39,41
4,39,42
4,41,51
4,41,52
4,42,51
4,42,52
4,51,52
5,9
5,10
5,11,52
5,11,55
5,12,52
5,12,55
5,13,52
5,13,55
5,14,52
5,14,55
5,15,52
5,15,55
5,16,52
5,16,55
5,17,52
5,17,55
5,18,52
5,18,55
5,19,52
5,19,55
5,20
5,21
5,22
5,23
5,24
5,25
5,26
5,27
5,28
5,29
5,30
5,31,36
5,31,52
5,31,55
5,32,36
5,32,52
5,32,55
5,33,45,55
5,34,36
5,34,45,55
5,35
5,36,39
5,36,43
5,36,44
5,36,45
5,36,52
5,36,55
5,36,56
5,36,57
5,36,58
5,36,59
5,36,60
5,37
5,38
5,39,45,55
5,40
5,41
5,42
5,43,52
5,43,55
5,45,52
5,46
5,50
5,51
5,54
9,10,31
9,10,33,36
9,10,34,36
9,10,36,43
9,10,39,43
9,10,45
9,11,33,36
9,11,34,36
9,11,36,43
9,11,39,43,55
9,12,33,36
9,12,34,36
9,12,36,43
9,12,39,43,55
9,13,33,36
9,13,34,36
9,13,36,43
9,13,39,43,55
9,14,33,36
9,14,34,36
9,14,36,43
9,14,39,43,55
9,15,33,36
9,15,34,36
9,15,36,43
9,15,39,43,55
9,16,33,36
9,16,34,36
9,16,36,43
9,16,39,43,55
9,17,33,36
9,17,34,36
9,17,36,43
9,17,39,43,55
9,18,33,36
9,18,34,36
9,18,36,43
9,18,39,43,55
9,19,33,36
9,19,34,36
9,19,36,43
9,19,39,43,55
9,20,31
9,20,33,36
9,20,34,36
9,20,36,43
9,20,39,43
9,20,45
9,21,31
9,21,33,36
9,21,34,36
9,21,36,43
9,21,39,43
9,21,45
9,22,31
9,22,33,36
9,22,34,36
9,22,36,43
9,22,39,43
9,22,45
9,23,31
9,23,33,36
9,23,34,36
9,23,36,43
9,23,39,43
9,23,45
9,24,31
9,24,33,36
9,24,34,36
9,24,36,43
9,24,39,43
9,24,45
9,25,31
9,25,33,36
9,25,34,36
9,25,36,43
9,25,39,43
9,25,45
9,26,31
9,26,33,36
9,26,34,36
9,26,36,43
9,26,39,43
9,26,45
9,27,31
9,27,33,36
9,27,34,36
9,27,36,43
9,27,39,43
9,27,45
9,28,31
9,28,33,36
9,28,34,36
9,28,36,43
9,28,39,43
9,28,45
9,29,31
9,29,33,36
9,29,34,36
9,29,36,43
9,29,39,43
9,29,45
9,30
9,31,35
9,31,36
9,31,40
9,31,43
9,31,45
9,31,46
9,31,50
9,31,51
9,31,52
9,31,54
9,31,55
9,32,36
9,32,39,43,55
9,32,39,51
9,33,35,36
9,33,36,40
9,33,36,46
9,33,36,50
9,33,36,54
9,33,39,51
9,34,35,36
9,34,36,39
9,34,36,40
9,34,36,43
9,34,36,46
9,34,36,50
9,34,36,54
9,34,39,43,55
9,34,39,51
9,35,36,43
9,35,39,43
9,35,45
9,36,40,43
9,36,43,46
9,36,43,50
9,36,43,54
9,36,45
9,36,52
9,37
9,38
9,39,40,43
9,39,43,46
9,39,43,50
9,39,43,51
9,39,43,54
9,39,44,51
9,39,51,56
9,39,51,57
9,39,51,58
9,39,51,59
9,39,51,60
9,39,52
9,40,45
9,41
9,42
9,45,46
9,45,50
9,45,51
9,45,52
9,45,54
9,45,55
10,31,36,39
10,32,36,39,45
10,32,36,42
10,32,39,42
10,34,36,39,45
10,34,39,42
11,32,36,39,45,55
11,32,36,42
11,32,39,42
11,34,39,42
12,32,36,39,45,55
12,32,36,42
12,32,39,42
12,34,39,42
13,32,36,39,45,55
13,32,36,42
13,32,39,42
13,34,39,42
14,32,36,39,45,55
14,32,36,42
14,32,39,42
14,34,39,42
15,32,36,39,45,55
15,32,36,42
15,32,39,42
15,34,39,42
16,32,36,39,45,55
16,32,36,42
16,32,39,42
16,34,39,42
17,32,36,39,45,55
17,32,36,42
17,32,39,42
17,34,39,42
18,32,36,39,45,55
18,32,36,42
18,32,39,42
18,34,39,42
19,32,36,39,45,55
19,32,36,42
19,32,39,42
19,34,39,42
20,31,36,39
20,32,36,39,45
20,32,36,42
20,32,39,42
20,34,36,39,45
20,34,39,42
21,31,36,39
21,32,36,39,45
21,32,36,42
21,32,39,42
21,34,36,39,45
21,34,39,42
22,31,36,39
22,32,36,39,45
22,32,36,42
22,32,39,42
22,34,36,39,45
22,34,39,42
23,31,36,39
23,32,36,39,45
23,32,36,42
23,32,39,42
23,34,36,39,45
23,34,39,42
24,31,36,39
24,32,36,39,45
24,32,36,42
24,32,39,42
24,34,36,39,45
24,34,39,42
25,31,36,39
25,32,36,39,45
25,32,36,42
25,32,39,42
25,34,36,39,45
25,34,39,42
26,31,36,39
26,32,36,39,45
26,32,36,42
26,32,39,42
26,34,36,39,45
26,34,39,42
27,31,36,39
27,32,36,39,45
27,32,36,42
27,32,39,42
27,34,36,39,45
27,34,39,42
28,31,36,39
28,32,36,39,45
28,32,36,42
28,32,39,42
28,34,36,39,45
28,34,39,42
29,31,36,39
29,32,36,39,45
29,32,36,42
29,32,39,42
29,34,36,39,45
29,34,39,42
30,36,39
30,36,41
30,36,42
30,37,39
30,37,51
30,38,39
30,38,41
30,38,42
30,38,51
30,39,41
30,39,42
30,39,45,52
30,39,51
31,35,36,39
31,36,39,40
31,36,39,46
31,36,39,50
31,36,39,54
31,36,39,55
31,36,41
31,36,42
31,37,39
31,37,51
31,38,39
31,38,41
31,38,42
31,38,51
31,39,41
31,39,42
31,39,45,52
31,39,51
32,34,39,42
32,35,36,39,45
32,35,36,42
32,35,39,42
32,36,39,40,45
32,36,39,42
32,36,39,45,46
32,36,39,45,50
32,36,39,45,54
32,36,40,42
32,36,41
32,36,42,46
32,36,42,50
32,36,42,54
32,36,42,55
32,38,39
32,38,41
32,38,42
32,39,40,42
32,39,41
32,39,42,46
32,39,42,50
32,39,42,54
34,35,36,39,45
34,35,39,42
34,36,39,40,45
34,36,39,45,46
34,36,39,45,50
34,36,39,45,54
34,36,39,45,55
34,36,41
34,36,42
34,38,39
34,38,41
34,38,42
34,39,40,42
34,39,41
34,39,42,46
34,39,42,50
34,39,42,54
36,37,39
36,39,52
36,41,52
36,42,52
36,51
37,38,39
37,38,45,51
37,39,52
37,41
37,42
37,45,51,52
38,39,51
38,39,52
38,41,51
38,41,52
38,42,51
38,42,52
38,45,51,52
39,41,51
39,41,52
39,42,51
39,42,52
39,51,52
