109
3,9
3,10
3,11,39
3,11,55
3,12,39
3,12,55
3,13,39
3,13,55
3,14,39
3,14,55
3,15,39
3,15,55
3,16,39
3,16,55
3,17,39
3,17,55
3,18,39
3,18,55
3,19,39
3,19,55
3,20
3,21
3,22
3,23
3,24
3,25
3,26
3,27
3,28
3,29
3,30
3,31
3,32,39
3,32,55
3,33,55
3,34,39
3,34,55
3,35
3,36
3,37
3,38
3,39,43
3,39,44
3,39,45
3,39,55
3,39,56
3,39,57
3,39,58
3,39,59
3,39,60
3,40
3,41
3,42
3,43,55
3,44,55
3,45,55
3,46
3,50
3,51
3,52
3,54
3,55,56
3,55,57
3,55,58
3,55,59
3,55,60
4,9,10
4,9,11
4,9,12
4,9,13
4,9,14
4,9,15
4,9,16
4,9,17
4,9,18
4,9,19
4,9,20
4,9,21
4,9,22
4,9,23
4,9,24
4,9,25
4,9,26
4,9,27
4,9,28
4,9,29
4,9,32
4,9,34
4,9,35
4,9,39
4,9,40
4,9,43
4,9,46
4,9,50
4,9,54
4,9,55
4,10,31
4,10,32,34,39
4,10,32,36
4,10,32,43,45
4,10,34,36
4,10,34,39,43
4,10,34,43,45
4,10,36,39
4,10,36,43
4,10,36,44
4,10,36,45
4,10,36,56
4,10,36,57
4,10,36,58
4,10,36,59
4,10,36,60
4,11,31,43
4,11,31,44
4,11,31,55
4,11,31,56
4,11,31,57
4,11,31,58
4,11,31,59
4,11,31,60
4,11,32,34,39,55
4,11,32,36,44
4,11,32,36,56
4,11,32,36,57
4,11,32,36,58
4,11,32,36,59
4,11,32,36,60
4,11,34,36,44
4,11,34,36,55
4,11,34,36,56
4,11,34,36,57
4,11,34,36,58
4,11,34,36,59
4,11,34,36,60
4,11,34,39,43,55
4,11,34,43,45,55
4,11,36,43
4,11,36,44,55
4,11,36,45
4,11,36,55,56
4,11,36,55,57
4,11,36,55,58
4,11,36,55,59
4,11,36,55,60
4,12,31,43
4,12,31,44
4,12,31,55
4,12,31,56
4,12,31,57
4,12,31,58
4,12,31,59
4,12,31,60
4,12,32,34,39,55
4,12,32,36,44
4,12,32,36,56
4,12,32,36,57
4,12,32,36,58
4,12,32,36,59
4,12,32,36,60
4,12,34,36,44
4,12,34,36,55
4,12,34,36,56
4,12,34,36,57
4,12,34,36,58
4,12,34,36,59
4,12,34,36,60
4,12,34,39,43,55
4,12,34,43,45,55
4,12,36,43
4,12,36,44,55
4,12,36,45
4,12,36,55,56
4,12,36,55,57
4,12,36,55,58
4,12,36,55,59
4,12,36,55,60
4,13,31,43
4,13,31,44
4,13,31,55
4,13,31,56
4,13,31,57
4,13,31,58
4,13,31,59
4,13,31,60
4,13,32,34,39,55
4,13,32,36,44
4,13,32,36,56
4,13,32,36,57
4,13,32,36,58
4,13,32,36,59
4,13,32,36,60
4,13,34,36,44
4,13,34,36,55
4,13,34,36,56
4,13,34,36,57
4,13,34,36,58
4,13,34,36,59
4,13,34,36,60
4,13,34,39,43,55
4,13,34,43,45,55
4,13,36,43
4,13,36,44,55
4,13,36,45
4,13,36,55,56
4,13,36,55,57
4,13,36,55,58
4,13,36,55,59
4,13,36,55,60
4,14,31,43
4,14,31,44
4,14,31,55
4,14,31,56
4,14,31,57
4,14,31,58
4,14,31,59
4,14,31,60
4,14,32,34,39,55
4,14,32,36,44
4,14,32,36,56
4,14,32,36,57
4,14,32,36,58
4,14,32,36,59
4,14,32,36,60
4,14,34,36,44
4,14,34,36,55
4,14,34,36,56
4,14,34,36,57
4,14,34,36,58
4,14,34,36,59
4,14,34,36,60
4,14,34,39,43,55
4,14,34,43,45,55
4,14,36,43
4,14,36,44,55
4,14,36,45
4,14,36,55,56
4,14,36,55,57
4,14,36,55,58
4,14,36,55,59
4,14,36,55,60
4,15,31,43
4,15,31,44
4,15,31,55
4,15,31,56
4,15,31,57
4,15,31,58
4,15,31,59
4,15,31,60
4,15,32,34,39,55
4,15,32,36,44
4,15,32,36,56
4,15,32,36,57
4,15,32,36,58
4,15,32,36,59
4,15,32,36,60
4,15,34,36,44
4,15,34,36,55
4,15,34,36,56
4,15,34,36,57
4,15,34,36,58
4,15,34,36,59
4,15,34,36,60
4,15,34,39,43,55
4,15,34,43,45,55
4,15,36,43
4,15,36,44,55
4,15,36,45
4,15,36,55,56
4,15,36,55,57
4,15,36,55,58
4,15,36,55,59
4,15,36,55,60
4,16,31,43
4,16,31,44
4,16,31,55
4,16,31,56
4,16,31,57
4,16,31,58
4,16,31,59
4,16,31,60
4,16,32,34,39,55
4,16,32,36,44
4,16,32,36,56
4,16,32,36,57
4,16,32,36,58
4,16,32,36,59
4,16,32,36,60
4,16,34,36,44
4,16,34,36,55
4,16,34,36,56
4,16,34,36,57
4,16,34,36,58
4,16,34,36,59
4,16,34,36,60
4,16,34,39,43,55
4,16,34,43,45,55
4,16,36,43
4,16,36,44,55
4,16,36,45
4,16,36,55,56
4,16,36,55,57
4,16,36,55,58
4,16,36,55,59
4,16,36,55,60
4,17,31,43
4,17,31,44
4,17,31,55
4,17,31,56
4,17,31,57
4,17,31,58
4,17,31,59
4,17,31,60
4,17,32,34,39,55
4,17,32,36,44
4,17,32,36,56
4,17,32,36,57
4,17,32,36,58
4,17,32,36,59
4,17,32,36,60
4,17,34,36,44
4,17,34,36,55
4,17,34,36,56
4,17,34,36,57
4,17,34,36,58
4,17,34,36,59
4,17,34,36,60
4,17,34,39,43,55
4,17,34,43,45,55
4,17,36,43
4,17,36,44,55
4,17,36,45
4,17,36,55,56
4,17,36,55,57
4,17,36,55,58
4,17,36,55,59
4,17,36,55,60
4,18,31,43
4,18,31,44
4,18,31,55
4,18,31,56
4,18,31,57
4,18,31,58
4,18,31,59
4,18,31,60
4,18,32,34,39,55
4,18,32,36,44
4,18,32,36,56
4,18,32,36,57
4,18,32,36,58
4,18,32,36,59
4,18,32,36,60
4,18,34,36,44
4,18,34,36,55
4,18,34,36,56
4,18,34,36,57
4,18,34,36,58
4,18,34,36,59
4,18,34,36,60
4,18,34,39,43,55
4,18,34,43,45,55
4,18,36,43
4,18,36,44,55
4,18,36,45
4,18,36,55,56
4,18,36,55,57
4,18,36,55,58
4,18,36,55,59
4,18,36,55,60
4,19,31,43
4,19,31,44
4,19,31,55
4,19,31,56
4,19,31,57
4,19,31,58
4,19,31,59
4,19,31,60
4,19,32,34,39,55
4,19,32,36,44
4,19,32,36,56
4,19,32,36,57
4,19,32,36,58
4,19,32,36,59
4,19,32,36,60
4,19,34,36,44
4,19,34,36,55
4,19,34,36,56
4,19,34,36,57
4,19,34,36,58
4,19,34,36,59
4,19,34,36,60
4,19,34,39,43,55
4,19,34,43,45,55
4,19,36,43
4,19,36,44,55
4,19,36,45
4,19,36,55,56
4,19,36,55,57
4,19,36,55,58
4,19,36,55,59
4,19,36,55,60
4,20,31
4,20,32,34,39
4,20,32,36
4,20,32,43,45
4,20,34,36
4,20,34,39,43
4,20,34,43,45
4,20,36,39
4,20,36,43
4,20,36,44
4,20,36,45
4,20,36,56
4,20,36,57
4,20,36,58
4,20,36,59
4,20,36,60
4,21,31
4,21,32,34,39
4,21,32,36
4,21,32,43,45
4,21,34,36
4,21,34,39,43
4,21,34,43,45
4,21,36,39
4,21,36,43
4,21,36,44
4,21,36,45
4,21,36,56
4,21,36,57
4,21,36,58
4,21,36,59
4,21,36,60
4,22,31
4,22,32,34,39
4,22,32,36
4,22,32,43,45
4,22,34,36
4,22,34,39,43
4,22,34,43,45
4,22,36,39
4,22,36,43
4,22,36,44
4,22,36,45
4,22,36,56
4,22,36,57
4,22,36,58
4,22,36,59
4,22,36,60
4,23,31
4,23,32,34,39
4,23,32,36
4,23,32,43,45
4,23,34,36
4,23,34,39,43
4,23,34,43,45
4,23,36,39
4,23,36,43
4,23,36,44
4,23,36,45
4,23,36,56
4,23,36,57
4,23,36,58
4,23,36,59
4,23,36,60
4,24,31
4,24,32,34,39
4,24,32,36
4,24,32,43,45
4,24,34,36
4,24,34,39,43
4,24,34,43,45
4,24,36,39
4,24,36,43
4,24,36,44
4,24,36,45
4,24,36,56
4,24,36,57
4,24,36,58
4,24,36,59
4,24,36,60
4,25,31
4,25,32,34,39
4,25,32,36
4,25,32,43,45
4,25,34,36
4,25,34,39,43
4,25,34,43,45
4,25,36,39
4,25,36,43
4,25,36,44
4,25,36,45
4,25,36,56
4,25,36,57
4,25,36,58
4,25,36,59
4,25,36,60
4,26,31
4,26,32,34,39
4,26,32,36
4,26,32,43,45
4,26,34,36
4,26,34,39,43
4,26,34,43,45
4,26,36,39
4,26,36,43
4,26,36,44
4,26,36,45
4,26,36,56
4,26,36,57
4,26,36,58
4,26,36,59
4,26,36,60
4,27,31
4,27,32,34,39
4,27,32,36
4,27,32,43,45
4,27,34,36
4,27,34,39,43
4,27,34,43,45
4,27,36,39
4,27,36,43
4,27,36,44
4,27,36,45
4,27,36,56
4,27,36,57
4,27,36,58
4,27,36,59
4,27,36,60
4,28,31
4,28,32,34,39
4,28,32,36
4,28,32,43,45
4,28,34,36
4,28,34,39,43
4,28,34,43,45
4,28,36,39
4,28,36,43
4,28,36,44
4,28,36,45
4,28,36,56
4,28,36,57
4,28,36,58
4,28,36,59
4,28,36,60
4,29,31
4,29,32,34,39
4,29,32,36
4,29,32,43,45
4,29,34,36
4,29,34,39,43
4,29,34,43,45
4,29,36,39
4,29,36,43
4,29,36,44
4,29,36,45
4,29,36,56
4,29,36,57
4,29,36,58
4,29,36,59
4,29,36,60
4,30
4,31,35
4,31,36
4,31,37
4,31,40
4,31,45
4,31,46
4,31,50
4,31,51
4,31,54
4,32,34,35,39
4,32,34,39,40
4,32,34,39,46
4,32,34,39,50
4,32,34,39,54
4,32,35,36
4,32,35,43,45
4,32,36,39
4,32,36,40
4,32,36,46
4,32,36,50
4,32,36,54
4,32,36,55
4,32,37
4,32,39,45
4,32,40,43,45
4,32,43,45,46
4,32,43,45,50
4,32,43,45,54
4,32,43,45,55
4,32,51
4,32,52
4,33,36,39
4,33,51
4,34,35,36
4,34,35,39,43
4,34,35,43,45
4,34,36,39
4,34,36,40
4,34,36,46
4,34,36,50
4,34,36,54
4,34,37
4,34,39,40,43
4,34,39,43,46
4,34,39,43,50
4,34,39,43,54
4,34,40,43,45
4,34,43,45,46
4,34,43,45,50
4,34,43,45,54
4,34,51
4,34,52
4,35,36,39
4,35,36,43
4,35,36,44
4,35,36,45
4,35,36,56
4,35,36,57
4,35,36,58
4,35,36,59
4,35,36,60
4,36,37
4,36,39,40
4,36,39,43
4,36,39,44
4,36,39,45
4,36,39,46
4,36,39,50
4,36,39,54
4,36,39,55
4,36,39,56
4,36,39,57
4,36,39,58
4,36,39,59
4,36,39,60
4,36,40,43
4,36,40,44
4,36,40,45
4,36,40,56
4,36,40,57
4,36,40,58
4,36,40,59
4,36,40,60
4,36,43,46
4,36,43,50
4,36,43,54
4,36,44,46
4,36,44,50
4,36,44,54
4,36,45,46
4,36,45,50
4,36,45,54
4,36,46,56
4,36,46,57
4,36,46,58
4,36,46,59
4,36,46,60
4,36,50,56
4,36,50,57
4,36,50,58
4,36,50,59
4,36,50,60
4,36,52
4,36,54,56
4,36,54,57
4,36,54,58
4,36,54,59
4,36,54,60
4,37,43
4,37,45
4,38,39
4,38,45
4,39,43,45
4,39,45,57
4,39,45,60
4,39,51
4,39,52
4,41
4,42
4,43,51
4,45,51
4,51,52
4,51,57
4,51,60
5,9
5,10
5,11,39
5,11,55
5,12,39
5,12,55
5,13,39
5,13,55
5,14,39
5,14,55
5,15,39
5,15,55
5,16,39
5,16,55
5,17,39
5,17,55
5,18,39
5,18,55
5,19,39
5,19,55
5,20
5,21
5,22
5,23
5,24
5,25
5,26
5,27
5,28
5,29
5,30
5,31
5,32,39
5,32,55
5,33,55
5,34,39
5,34,55
5,35
5,36
5,37
5,38
5,39,43
5,39,44
5,39,45
5,39,55
5,39,56
5,39,57
5,39,58
5,39,59
5,39,60
5,40
5,41
5,42
5,43,55
5,44,55
5,45,55
5,46
5,50
5,51
5,52
5,54
5,55,56
5,55,57
5,55,58
5,55,59
5,55,60
9,10,32
9,10,34
9,11,32
9,11,34
9,12,32
9,12,34
9,13,32
9,13,34
9,14,32
9,14,34
9,15,32
9,15,34
9,16,32
9,16,34
9,17,32
9,17,34
9,18,32
9,18,34
9,19,32
9,19,34
9,20,32
9,20,34
9,21,32
9,21,34
9,22,32
9,22,34
9,23,32
9,23,34
9,24,32
9,24,34
9,25,32
9,25,34
9,26,32
9,26,34
9,27,32
9,27,34
9,28,32
9,28,34
9,29,32
9,29,34
9,30
9,31
9,32,35
9,32,39
9,32,40
9,32,45
9,32,46
9,32,50
9,32,54
9,32,55
9,34,35
9,34,39
9,34,40
9,34,45
9,34,46
9,34,50
9,34,54
9,34,55
9,36
9,37
9,38
9,41
9,42
9,51
9,52
10,31,42
10,31,51
10,32,39,42
10,36,42
10,51,52
11,31,42
11,31,51
11,51,52
12,31,42
12,31,51
12,51,52
13,31,42
13,31,51
13,51,52
14,31,42
14,31,51
14,51,52
15,31,42
15,31,51
15,51,52
16,31,42
16,31,51
16,51,52
17,31,42
17,31,51
17,51,52
18,31,42
18,31,51
18,51,52
19,31,42
19,31,51
19,51,52
20,31,42
20,31,51
20,32,39,42
20,36,42
20,51,52
21,31,42
21,31,51
21,32,39,42
21,36,42
21,51,52
22,31,42
22,31,51
22,32,39,42
22,36,42
22,51,52
23,31,42
23,31,51
23,32,39,42
23,36,42
23,51,52
24,31,42
24,31,51
24,32,39,42
24,36,42
24,51,52
25,31,42
25,31,51
25,32,39,42
25,36,42
25,51,52
26,31,42
26,31,51
26,32,39,42
26,36,42
26,51,52
27,31,42
27,31,51
27,32,39,42
27,36,42
27,51,52
28,31,42
28,31,51
28,32,39,42
28,36,42
28,51,52
29,31,42
29,31,51
29,32,39,42
29,32,39,45,52
29,36,42
29,36,52
29,51,52
30,38
30,41
30,42
30,51
30,52
31,35,42
31,35,51
31,36,42
31,38
31,39,42
31,39,51
31,40,42
31,40,51
31,41
31,42,46
31,42,50
31,42,54
31,45,51
31,46,51
31,50,51
31,51,54
31,52
32,35,39,42
32,36,42
32,36,52
32,38,39
32,38,41
32,38,42
32,39,40,42
32,39,40,45,52
32,39,41
32,39,42,46
32,39,42,50
32,39,42,54
32,39,42,55
32,39,43,45,52
33,36,52
34,36,42
34,36,52
35,36,42
35,51,52
36,38
36,39,42
36,39,52
36,40,42
36,40,52
36,41
36,42,46
36,42,50
36,42,54
36,42,55
36,43,52
36,44,52
36,45,52
36,51
36,52,56
36,52,57
36,52,58
36,52,59
36,52,60
37,38
37,41
37,42
37,51
37,52
38,51
38,52
39,51,52
40,51,52
41,51
41,52
42,51
42,52
45,51,52
46,51,52
50,51,52
51,52,54
