109
3,9
3,10
3,20
3,21
3,22
3,23
3,24
3,25
3,26
3,27
3,28
3,29
3,30
3,31,39
3,31,42
3,31,45
3,35
3,36
3,37
3,38
3,40
3,41
3,46
3,50
3,51
3,52
3,54
4,9,32
4,9,33
4,9,34
4,9,36
4,9,43
4,9,44
4,9,45
4,9,52
4,9,56
4,9,57
4,9,58
4,9,59
4,9,60
4,10,36,39
4,10,36,51
4,10,42
4,10,51,56
4,10,51,57
4,10,51,60
4,20,36,39
4,20,36,51
4,20,42
4,20,51,56
4,20,51,57
4,20,51,60
4,21,36,39
4,21,36,51
4,21,42
4,21,51,56
4,21,51,57
4,21,51,60
4,22,36,39
4,22,36,51
4,22,42
4,22,51,56
4,22,51,57
4,22,51,60
4,23,36,39
4,23,36,51
4,23,42
4,23,51,56
4,23,51,57
4,23,51,60
4,24,36,39
4,24,36,51
4,24,42
4,24,51,56
4,24,51,57
4,24,51,60
4,25,36,39
4,25,36,51
4,25,42
4,25,51,56
4,25,51,57
4,25,51,60
4,26,36,39
4,26,36,51
4,26,42
4,26,51,56
4,26,51,57
4,26,51,60
4,27,36,39
4,27,36,51
4,27,42
4,27,51,56
4,27,51,57
4,27,51,60
4,28,36,39
4,28,36,51
4,28,42
4,28,51,56
4,28,51,57
4,28,51,60
4,29,36,39
4,29,36,51
4,29,42
4,29,51,56
4,29,51,57
4,29,51,60
4,30,36
4,30,37
4,30,42
4,30,51
4,30,52
4,31,36
4,31,37
4,31,42
4,31,51
4,31,52
4,32,36,39
4,32,37
4,32,51
4,33,36,39
4,33,36,51
4,34,36,39
4,34,37
4,34,51
4,35,36,39
4,35,36,51
4,35,42
4,35,51,56
4,35,51,57
4,35,51,60
4,36,37
4,36,39,40
4,36,39,43
4,36,39,44
4,36,39,45
4,36,39,46
4,36,39,50
4,36,39,54
4,36,39,56
4,36,39,57
4,36,39,58
4,36,39,59
4,36,39,60
4,36,40,51
4,36,42
4,36,44,51
4,36,46,51
4,36,50,51
4,36,51,54
4,36,51,56
4,36,51,57
4,36,51,58
4,36,51,59
4,36,51,60
4,36,52
4,37,39
4,37,42
4,37,43
4,37,45
4,37,52
4,37,56
4,37,57
4,37,58
4,37,60
4,38
4,39,51,56
4,39,51,57
4,39,51,60
4,39,52
4,40,42
4,40,51,56
4,40,51,57
4,40,51,60
4,41
4,42,46
4,42,50
4,42,51
4,42,52
4,42,54
4,43,51
4,45,51
4,46,51,56
4,46,51,57
4,46,51,60
4,50,51,56
4,50,51,57
4,50,51,60
4,51,52
4,51,54,56
4,51,54,57
4,51,54,60
5,9
5,10
5,20
5,21
5,22
5,23
5,24
5,25
5,26
5,27
5,28
5,29
5,30
5,31,39
5,31,42
5,31,45
5,35
5,36
5,37
5,38
5,40
5,41
5,46
5,50
5,51
5,52
5,54
9,30
9,31
9,36,39
9,36,45
9,36,52
9,37
9,38,39
9,38,45
9,38,52
9,39,52
9,41
9,42
9,51
10,36,42
11,36,42
12,36,42
13,36,42
14,36,42
15,36,42
16,36,42
17,36,42
18,36,42
19,36,42
20,36,42
21,36,42
22,36,42
23,36,42
24,36,42
25,36,42
26,36,42
27,36,42
28,36,42
29,36,42
30,36,42
30,36,51
30,36,52
30,37,41
30,37,42
30,37,52
30,38
30,39,41
30,39,42
30,39,51
30,39,52
30,41,52
30,42,52
30,51,52
31,36,42
31,36,51
31,36,52
31,37,41
31,37,42
31,37,52
31,38
31,39,41
31,39,42
31,39,51
31,39,52
31,41,52
31,42,52
31,51,52
32,36,42
32,39,51
33,39,45,51
33,39,51,56
33,39,51,57
33,39,51,60
34,36,42
34,39,51
35,36,42
36,37,38
36,37,42
36,37,52
36,38,39
36,38,42
36,38,52
36,39,42
36,39,51
36,39,52
36,40,42
36,41
36,42,46
36,42,50
36,42,51
36,42,52
36,42,54
36,42,55
36,51,52
37,51
38,51
39,41,51
39,42,51
39,43,51
39,51,52
41,51,52
42,51,52
