109
3,9,36
3,9,39
3,9,45
3,9,51
3,9,52
3,10
3,11
3,12
3,13
3,14
3,15
3,16
3,17
3,18
3,19
3,20
3,21
3,22
3,23
3,24
3,25
3,26
3,27
3,28
3,29
3,35
3,40
3,46
3,50
4,9,10,32
4,9,10,33
4,9,10,34
4,9,10,39
4,9,10,43
4,9,10,44
4,9,10,56
4,9,10,57
4,9,10,58
4,9,10,59
4,9,10,60
4,9,11,32
4,9,11,33
4,9,11,34
4,9,11,39
4,9,11,43
4,9,11,44
4,9,11,56
4,9,11,57
4,9,11,58
4,9,11,59
4,9,11,60
4,9,12,32
4,9,12,33
4,9,12,34
4,9,12,39
4,9,12,43
4,9,12,44
4,9,12,56
4,9,12,57
4,9,12,58
4,9,12,59
4,9,12,60
4,9,13,32
4,9,13,33
4,9,13,34
4,9,13,39
4,9,13,43
4,9,13,44
4,9,13,56
4,9,13,57
4,9,13,58
4,9,13,59
4,9,13,60
4,9,14,32
4,9,14,33
4,9,14,34
4,9,14,39
4,9,14,43
4,9,14,44
4,9,14,56
4,9,14,57
4,9,14,58
4,9,14,59
4,9,14,60
4,9,15,32
4,9,15,33
4,9,15,34
4,9,15,39
4,9,15,43
4,9,15,44
4,9,15,56
4,9,15,57
4,9,15,58
4,9,15,59
4,9,15,60
4,9,16,32
4,9,16,33
4,9,16,34
4,9,16,39
4,9,16,43
4,9,16,44
4,9,16,56
4,9,16,57
4,9,16,58
4,9,16,59
4,9,16,60
4,9,17,32
4,9,17,33
4,9,17,34
4,9,17,39
4,9,17,43
4,9,17,44
4,9,17,56
4,9,17,57
4,9,17,58
4,9,17,59
4,9,17,60
4,9,18,32
4,9,18,33
4,9,18,34
4,9,18,39
4,9,18,43
4,9,18,44
4,9,18,56
4,9,18,57
4,9,18,58
4,9,18,59
4,9,18,60
4,9,19,32
4,9,19,33
4,9,19,34
4,9,19,39
4,9,19,43
4,9,19,44
4,9,19,56
4,9,19,57
4,9,19,58
4,9,19,59
4,9,19,60
4,9,20,32
4,9,20,33
4,9,20,34
4,9,20,39
4,9,20,43
4,9,20,44
4,9,20,56
4,9,20,57
4,9,20,58
4,9,20,59
4,9,20,60
4,9,21,32
4,9,21,33
4,9,21,34
4,9,21,39
4,9,21,43
4,9,21,44
4,9,21,56
4,9,21,57
4,9,21,58
4,9,21,59
4,9,21,60
4,9,22,32
4,9,22,33
4,9,22,34
4,9,22,39
4,9,22,43
4,9,22,44
4,9,22,56
4,9,22,57
4,9,22,58
4,9,22,59
4,9,22,60
4,9,23,32
4,9,23,33
4,9,23,34
4,9,23,39
4,9,23,43
4,9,23,44
4,9,23,56
4,9,23,57
4,9,23,58
4,9,23,59
4,9,23,60
4,9,24,32
4,9,24,33
4,9,24,34
4,9,24,39
4,9,24,43
4,9,24,44
4,9,24,56
4,9,24,57
4,9,24,58
4,9,24,59
4,9,24,60
4,9,25,32
4,9,25,33
4,9,25,34
4,9,25,39
4,9,25,43
4,9,25,44
4,9,25,56
4,9,25,57
4,9,25,58
4,9,25,59
4,9,25,60
4,9,26,32
4,9,26,33
4,9,26,34
4,9,26,39
4,9,26,43
4,9,26,44
4,9,26,56
4,9,26,57
4,9,26,58
4,9,26,59
4,9,26,60
4,9,27,32
4,9,27,33
4,9,27,34
4,9,27,39
4,9,27,43
4,9,27,44
4,9,27,56
4,9,27,57
4,9,27,58
4,9,27,59
4,9,27,60
4,9,28,32
4,9,28,33
4,9,28,34
4,9,28,39
4,9,28,43
4,9,28,44
4,9,28,56
4,9,28,57
4,9,28,58
4,9,28,59
4,9,28,60
4,9,29,32
4,9,29,33
4,9,29,34
4,9,29,43
4,9,29,44
4,9,29,56
4,9,29,57
4,9,29,58
4,9,29,59
4,9,29,60
4,9,32,35
4,9,32,39
4,9,32,40
4,9,32,46
4,9,32,50
4,9,33,35
4,9,33,39
4,9,33,40
4,9,33,46
4,9,33,50
4,9,34,35
4,9,34,39
4,9,34,40
4,9,34,46
4,9,34,50
4,9,35,43
4,9,35,44
4,9,35,56
4,9,35,57
4,9,35,58
4,9,35,59
4,9,35,60
4,9,36
4,9,39,40
4,9,39,43
4,9,39,44
4,9,39,46
4,9,39,50
4,9,39,54
4,9,39,55
4,9,39,56
4,9,39,57
4,9,39,58
4,9,39,59
4,9,39,60
4,9,40,43
4,9,40,44
4,9,40,56
4,9,40,57
4,9,40,58
4,9,40,59
4,9,40,60
4,9,43,46
4,9,43,50
4,9,44,46
4,9,44,50
4,9,45
4,9,46,56
4,9,46,57
4,9,46,58
4,9,46,59
4,9,46,60
4,9,50,56
4,9,50,57
4,9,50,58
4,9,50,59
4,9,50,60
4,9,51
4,9,52
4,10,30,45
4,10,31,45
4,10,32,38
4,10,32,41
4,10,32,42
4,10,32,43,52
4,10,34,38
4,10,34,41
4,10,34,42
4,10,34,43,52
4,10,36,39
4,10,36,45
4,10,39,52
4,10,41,52
4,10,42,52
4,10,45,52
4,10,51
4,11,30,45
4,11,31,45
4,11,32,38
4,11,32,41
4,11,32,42
4,11,32,43,52
4,11,34,38
4,11,34,41
4,11,34,42
4,11,34,43,52
4,11,36,39
4,11,36,45
4,11,39,52
4,11,41,52
4,11,42,52
4,11,45,52
4,11,51
4,12,30,45
4,12,31,45
4,12,32,38
4,12,32,41
4,12,32,42
4,12,32,43,52
4,12,34,38
4,12,34,41
4,12,34,42
4,12,34,43,52
4,12,36,39
4,12,36,45
4,12,39,52
4,12,41,52
4,12,42,52
4,12,45,52
4,12,51
4,13,30,45
4,13,31,45
4,13,32,38
4,13,32,41
4,13,32,42
4,13,32,43,52
4,13,34,38
4,13,34,41
4,13,34,42
4,13,34,43,52
4,13,36,39
4,13,36,45
4,13,39,52
4,13,41,52
4,13,42,52
4,13,45,52
4,13,51
4,14,30,45
4,14,31,45
4,14,32,38
4,14,32,41
4,14,32,42
4,14,32,43,52
4,14,34,38
4,14,34,41
4,14,34,42
4,14,34,43,52
4,14,36,39
4,14,36,45
4,14,39,52
4,14,41,52
4,14,42,52
4,14,45,52
4,14,51
4,15,30,45
4,15,31,45
4,15,32,38
4,15,32,41
4,15,32,42
4,15,32,43,52
4,15,34,38
4,15,34,41
4,15,34,42
4,15,34,43,52
4,15,36,39
4,15,36,45
4,15,39,52
4,15,41,52
4,15,42,52
4,15,45,52
4,15,51
4,16,30,45
4,16,31,45
4,16,32,38
4,16,32,41
4,16,32,42
4,16,32,43,52
4,16,34,38
4,16,34,41
4,16,34,42
4,16,34,43,52
4,16,36,39
4,16,36,45
4,16,39,52
4,16,41,52
4,16,42,52
4,16,45,52
4,16,51
4,17,30,45
4,17,31,45
4,17,32,38
4,17,32,41
4,17,32,42
4,17,32,43,52
4,17,34,38
4,17,34,41
4,17,34,42
4,17,34,43,52
4,17,36,39
4,17,36,45
4,17,39,52
4,17,41,52
4,17,42,52
4,17,45,52
4,17,51
4,18,30,45
4,18,31,45
4,18,32,38
4,18,32,41
4,18,32,42
4,18,32,43,52
4,18,34,38
4,18,34,41
4,18,34,42
4,18,34,43,52
4,18,36,39
4,18,36,45
4,18,39,52
4,18,41,52
4,18,42,52
4,18,45,52
4,18,51
4,19,30,45
4,19,31,45
4,19,32,38
4,19,32,41
4,19,32,42
4,19,32,43,52
4,19,34,38
4,19,34,41
4,19,34,42
4,19,34,43,52
4,19,36,39
4,19,36,45
4,19,39,52
4,19,41,52
4,19,42,52
4,19,45,52
4,19,51
4,20,30,45
4,20,31,45
4,20,32,38
4,20,32,41
4,20,32,42
4,20,32,43,52
4,20,34,38
4,20,34,41
4,20,34,42
4,20,34,43,52
4,20,36,39
4,20,36,45
4,20,39,52
4,20,41,52
4,20,42,52
4,20,45,52
4,20,51
4,21,30,45
4,21,31,45
4,21,32,38
4,21,32,41
4,21,32,42
4,21,32,43,52
4,21,34,38
4,21,34,41
4,21,34,42
4,21,34,43,52
4,21,36,39
4,21,36,45
4,21,39,52
4,21,41,52
4,21,42,52
4,21,45,52
4,21,51
4,22,30,45
4,22,31,45
4,22,32,38
4,22,32,41
4,22,32,42
4,22,32,43,52
4,22,34,38
4,22,34,41
4,22,34,42
4,22,34,43,52
4,22,36,39
4,22,36,45
4,22,39,52
4,22,41,52
4,22,42,52
4,22,45,52
4,22,51
4,23,30,45
4,23,31,45
4,23,32,38
4,23,32,41
4,23,32,42
4,23,32,43,52
4,23,34,38
4,23,34,41
4,23,34,42
4,23,34,43,52
4,23,36,39
4,23,36,45
4,23,39,52
4,23,41,52
4,23,42,52
4,23,45,52
4,23,51
4,24,30,45
4,24,31,45
4,24,32,38
4,24,32,41
4,24,32,42
4,24,32,43,52
4,24,34,38
4,24,34,41
4,24,34,42
4,24,34,43,52
4,24,36,39
4,24,36,45
4,24,39,52
4,24,41,52
4,24,42,52
4,24,45,52
4,24,51
4,25,30,45
4,25,31,45
4,25,32,38
4,25,32,41
4,25,32,42
4,25,32,43,52
4,25,34,38
4,25,34,41
4,25,34,42
4,25,34,43,52
4,25,36,39
4,25,36,45
4,25,39,52
4,25,41,52
4,25,42,52
4,25,45,52
4,25,51
4,26,30,45
4,26,31,45
4,26,32,38
4,26,32,41
4,26,32,42
4,26,32,43,52
4,26,34,38
4,26,34,41
4,26,34,42
4,26,34,43,52
4,26,36,39
4,26,36,45
4,26,39,52
4,26,41,52
4,26,42,52
4,26,45,52
4,26,51
4,27,30,45
4,27,31,45
4,27,32,38
4,27,32,41
4,27,32,42
4,27,32,43,52
4,27,34,38
4,27,34,41
4,27,34,42
4,27,34,43,52
4,27,36,39
4,27,36,45
4,27,39,52
4,27,41,52
4,27,42,52
4,27,45,52
4,27,51
4,28,30,45
4,28,31,45
4,28,32,38
4,28,32,41
4,28,32,42
4,28,32,43,52
4,28,34,38
4,28,34,41
4,28,34,42
4,28,34,43,52
4,28,36,39
4,28,36,45
4,28,39,52
4,28,41,52
4,28,42,52
4,28,45,52
4,28,51
4,29,30,45
4,29,31,45
4,29,32,38
4,29,32,41
4,29,32,42
4,29,32,43,52
4,29,34,38
4,29,34,41
4,29,34,42
4,29,34,43,52
4,29,36,39
4,29,36,45
4,29,37,45
4,29,39,52
4,29,41,52
4,29,42,52
4,29,45,52
4,29,51
4,30,35,45
4,30,40,45
4,30,45,46
4,30,45,50
4,31,35,45
4,31,40,45
4,31,45,46
4,31,45,50
4,32,35,38
4,32,35,41
4,32,35,42
4,32,35,43,52
4,32,38,40
4,32,38,46
4,32,38,50
4,32,40,41
4,32,40,42
4,32,40,43,52
4,32,41,46
4,32,41,50
4,32,42,46
4,32,42,50
4,32,43,46,52
4,32,43,50,52
4,34,35,38
4,34,35,41
4,34,35,42
4,34,35,43,52
4,34,38,40
4,34,38,46
4,34,38,50
4,34,40,41
4,34,40,42
4,34,40,43,52
4,34,41,46
4,34,41,50
4,34,42,46
4,34,42,50
4,34,43,46,52
4,34,43,50,52
4,35,36,39
4,35,36,45
4,35,37,45
4,35,39,52
4,35,41,52
4,35,42,52
4,35,45,52
4,35,51
4,36,39,40
4,36,39,46
4,36,39,50
4,36,40,45
4,36,45,46
4,36,45,50
4,39,40,52
4,39,46,52
4,39,50,52
4,40,41,52
4,40,42,52
4,40,45,52
4,40,51
4,41,46,52
4,41,50,52
4,42,46,52
4,42,50,52
4,45,46,52
4,45,50,52
4,46,51
4,50,51
5,9,36
5,9,39
5,9,45
5,9,51
5,9,52
5,10
5,11
5,12
5,13
5,14
5,15
5,16
5,17
5,18
5,19
5,20
5,21
5,22
5,23
5,24
5,25
5,26
5,27
5,28
5,29
5,35
5,40
5,46
5,50
9,10,31
9,10,32,43
9,10,34,43
9,10,36,39
9,10,39,43
9,10,45
9,10,51
9,10,52
9,11,31
9,11,32,43
9,11,34,43
9,11,36,39
9,11,39,43
9,11,45
9,11,51
9,11,52
9,12,31
9,12,32,43
9,12,34,43
9,12,36,39
9,12,39,43
9,12,45
9,12,51
9,12,52
9,13,31
9,13,32,43
9,13,34,43
9,13,36,39
9,13,39,43
9,13,45
9,13,51
9,13,52
9,14,31
9,14,32,43
9,14,34,43
9,14,36,39
9,14,39,43
9,14,45
9,14,51
9,14,52
9,15,31
9,15,32,43
9,15,34,43
9,15,36,39
9,15,39,43
9,15,45
9,15,51
9,15,52
9,16,31
9,16,32,43
9,16,34,43
9,16,36,39
9,16,39,43
9,16,45
9,16,51
9,16,52
9,17,31
9,17,32,43
9,17,34,43
9,17,36,39
9,17,39,43
9,17,45
9,17,51
9,17,52
9,18,31
9,18,32,43
9,18,34,43
9,18,36,39
9,18,39,43
9,18,45
9,18,51
9,18,52
9,19,31
9,19,32,43
9,19,34,43
9,19,36,39
9,19,39,43
9,19,45
9,19,51
9,19,52
9,20,31
9,20,32,43
9,20,34,43
9,20,36,39
9,20,39,43
9,20,45
9,20,51
9,20,52
9,21,31
9,21,32,43
9,21,34,43
9,21,36,39
9,21,39,43
9,21,45
9,21,51
9,21,52
9,22,31
9,22,32,43
9,22,34,43
9,22,36,39
9,22,39,43
9,22,45
9,22,51
9,22,52
9,23,31
9,23,32,43
9,23,34,43
9,23,36,39
9,23,39,43
9,23,45
9,23,51
9,23,52
9,24,31
9,24,32,43
9,24,34,43
9,24,36,39
9,24,39,43
9,24,45
9,24,51
9,24,52
9,25,31
9,25,32,43
9,25,34,43
9,25,36,39
9,25,39,43
9,25,45
9,25,51
9,25,52
9,26,31
9,26,32,43
9,26,34,43
9,26,36,39
9,26,39,43
9,26,45
9,26,51
9,26,52
9,27,31
9,27,32,43
9,27,34,43
9,27,36,39
9,27,39,43
9,27,45
9,27,51
9,27,52
9,28,31
9,28,32,43
9,28,34,43
9,28,36,39
9,28,39,43
9,28,45
9,28,51
9,28,52
9,29,31
9,29,32,43
9,29,34,43
9,29,36,39
9,29,39,43
9,29,45
9,29,51
9,29,52
9,30
9,31,35
9,31,36
9,31,39
9,31,40
9,31,45
9,31,46
9,31,50
9,31,51
9,31,52
9,32,35,43
9,32,36
9,32,40,43
9,32,43,46
9,32,43,50
9,32,51
9,34,35,43
9,34,36
9,34,40,43
9,34,43,46
9,34,43,50
9,34,51
9,35,36,39
9,35,39,43
9,35,45
9,35,51
9,35,52
9,36,39,40
9,36,39,43
9,36,39,46
9,36,39,50
9,36,39,56
9,36,39,58
9,36,43,45
9,36,45,56
9,36,45,58
9,36,51
9,36,52
9,37
9,38
9,39,40,43
9,39,43,46
9,39,43,50
9,39,51
9,39,52
9,40,45
9,40,51
9,40,52
9,41
9,42
9,43,51
9,43,52
9,45,46
9,45,50
9,45,51
9,45,52
9,46,51
9,46,52
9,50,51
9,50,52
9,51,52
9,51,58
9,51,60
10,30,36,39
10,30,36,45
10,30,38
10,30,41
10,30,42
10,30,51
10,30,52
10,31,36,39
10,31,36,45
10,31,38
10,31,41
10,31,42
10,31,51
10,31,52
10,32,36,39
10,32,38,39
10,32,38,41
10,32,38,42
10,32,38,45
10,32,39,41
10,32,39,42
10,34,38,39
10,34,38,41
10,34,38,42
10,34,38,45
10,34,39,41
10,34,39,42
10,36,38
10,36,39,45
10,36,41
10,36,42
10,36,51
10,36,52
10,37,38
10,37,39
10,37,41
10,37,42
10,37,45
10,37,51
10,37,52
10,38,51
10,38,52
10,39,41,52
10,39,42,52
10,41,51
10,42,51
10,51,52
11,30,36,39
11,30,36,45
11,30,38
11,30,41
11,30,42
11,30,51
11,30,52
11,31,36,39
11,31,36,45
11,31,38
11,31,41
11,31,42
11,31,51
11,31,52
11,32,36,39
11,32,38,39
11,32,38,41
11,32,38,42
11,32,38,45
11,32,39,41
11,32,39,42
11,34,38,39
11,34,38,41
11,34,38,42
11,34,38,45
11,34,39,41
11,34,39,42
11,36,38
11,36,39,45
11,36,41
11,36,42
11,36,51
11,36,52
11,37,38
11,37,39
11,37,41
11,37,42
11,37,45
11,37,51
11,37,52
11,38,51
11,38,52
11,39,41,52
11,39,42,52
11,41,51
11,42,51
11,51,52
12,30,36,39
12,30,36,45
12,30,38
12,30,41
12,30,42
12,30,51
12,30,52
12,31,36,39
12,31,36,45
12,31,38
12,31,41
12,31,42
12,31,51
12,31,52
12,32,36,39
12,32,38,39
12,32,38,41
12,32,38,42
12,32,38,45
12,32,39,41
12,32,39,42
12,34,38,39
12,34,38,41
12,34,38,42
12,34,38,45
12,34,39,41
12,34,39,42
12,36,38
12,36,39,45
12,36,41
12,36,42
12,36,51
12,36,52
12,37,38
12,37,39
12,37,41
12,37,42
12,37,45
12,37,51
12,37,52
12,38,51
12,38,52
12,39,41,52
12,39,42,52
12,41,51
12,42,51
12,51,52
13,30,36,39
13,30,36,45
13,30,38
13,30,41
13,30,42
13,30,51
13,30,52
13,31,36,39
13,31,36,45
13,31,38
13,31,41
13,31,42
13,31,51
13,31,52
13,32,36,39
13,32,38,39
13,32,38,41
13,32,38,42
13,32,38,45
13,32,39,41
13,32,39,42
13,34,38,39
13,34,38,41
13,34,38,42
13,34,38,45
13,34,39,41
13,34,39,42
13,36,38
13,36,39,45
13,36,41
13,36,42
13,36,51
13,36,52
13,37,38
13,37,39
13,37,41
13,37,42
13,37,45
13,37,51
13,37,52
13,38,51
13,38,52
13,39,41,52
13,39,42,52
13,41,51
13,42,51
13,51,52
14,30,36,39
14,30,36,45
14,30,38
14,30,41
14,30,42
14,30,51
14,30,52
14,31,36,39
14,31,36,45
14,31,38
14,31,41
14,31,42
14,31,51
14,31,52
14,32,36,39
14,32,38,39
14,32,38,41
14,32,38,42
14,32,38,45
14,32,39,41
14,32,39,42
14,34,38,39
14,34,38,41
14,34,38,42
14,34,38,45
14,34,39,41
14,34,39,42
14,36,38
14,36,39,45
14,36,41
14,36,42
14,36,51
14,36,52
14,37,38
14,37,39
14,37,41
14,37,42
14,37,45
14,37,51
14,37,52
14,38,51
14,38,52
14,39,41,52
14,39,42,52
14,41,51
14,42,51
14,51,52
15,30,36,39
15,30,36,45
15,30,38
15,30,41
15,30,42
15,30,51
15,30,52
15,31,36,39
15,31,36,45
15,31,38
15,31,41
15,31,42
15,31,51
15,31,52
15,32,36,39
15,32,38,39
15,32,38,41
15,32,38,42
15,32,38,45
15,32,39,41
15,32,39,42
15,34,38,39
15,34,38,41
15,34,38,42
15,34,38,45
15,34,39,41
15,34,39,42
15,36,38
15,36,39,45
15,36,41
15,36,42
15,36,51
15,36,52
15,37,38
15,37,39
15,37,41
15,37,42
15,37,45
15,37,51
15,37,52
15,38,51
15,38,52
15,39,41,52
15,39,42,52
15,41,51
15,42,51
15,51,52
16,30,36,39
16,30,36,45
16,30,38
16,30,41
16,30,42
16,30,51
16,30,52
16,31,36,39
16,31,36,45
16,31,38
16,31,41
16,31,42
16,31,51
16,31,52
16,32,36,39
16,32,38,39
16,32,38,41
16,32,38,42
16,32,38,45
16,32,39,41
16,32,39,42
16,34,38,39
16,34,38,41
16,34,38,42
16,34,38,45
16,34,39,41
16,34,39,42
16,36,38
16,36,39,45
16,36,41
16,36,42
16,36,51
16,36,52
16,37,38
16,37,39
16,37,41
16,37,42
16,37,45
16,37,51
16,37,52
16,38,51
16,38,52
16,39,41,52
16,39,42,52
16,41,51
16,42,51
16,51,52
17,30,36,39
17,30,36,45
17,30,38
17,30,41
17,30,42
17,30,51
17,30,52
17,31,36,39
17,31,36,45
17,31,38
17,31,41
17,31,42
17,31,51
17,31,52
17,32,36,39
17,32,38,39
17,32,38,41
17,32,38,42
17,32,38,45
17,32,39,41
17,32,39,42
17,34,38,39
17,34,38,41
17,34,38,42
17,34,38,45
17,34,39,41
17,34,39,42
17,36,38
17,36,39,45
17,36,41
17,36,42
17,36,51
17,36,52
17,37,38
17,37,39
17,37,41
17,37,42
17,37,45
17,37,51
17,37,52
17,38,51
17,38,52
17,39,41,52
17,39,42,52
17,41,51
17,42,51
17,51,52
18,30,36,39
18,30,36,45
18,30,38
18,30,41
18,30,42
18,30,51
18,30,52
18,31,36,39
18,31,36,45
18,31,38
18,31,41
18,31,42
18,31,51
18,31,52
18,32,36,39
18,32,38,39
18,32,38,41
18,32,38,42
18,32,38,45
18,32,39,41
18,32,39,42
18,34,38,39
18,34,38,41
18,34,38,42
18,34,38,45
18,34,39,41
18,34,39,42
18,36,38
18,36,39,45
18,36,41
18,36,42
18,36,51
18,36,52
18,37,38
18,37,39
18,37,41
18,37,42
18,37,45
18,37,51
18,37,52
18,38,51
18,38,52
18,39,41,52
18,39,42,52
18,41,51
18,42,51
18,51,52
19,30,36,39
19,30,36,45
19,30,38
19,30,41
19,30,42
19,30,51
19,30,52
19,31,36,39
19,31,36,45
19,31,38
19,31,41
19,31,42
19,31,51
19,31,52
19,32,36,39
19,32,38,39
19,32,38,41
19,32,38,42
19,32,38,45
19,32,39,41
19,32,39,42
19,34,38,39
19,34,38,41
19,34,38,42
19,34,38,45
19,34,39,41
19,34,39,42
19,36,38
19,36,39,45
19,36,41
19,36,42
19,36,51
19,36,52
19,37,38
19,37,39
19,37,41
19,37,42
19,37,45
19,37,51
19,37,52
19,38,51
19,38,52
19,39,41,52
19,39,42,52
19,41,51
19,42,51
19,51,52
20,30,36,39
20,30,36,45
20,30,38
20,30,41
20,30,42
20,30,51
20,30,52
20,31,36,39
20,31,36,45
20,31,38
20,31,41
20,31,42
20,31,51
20,31,52
20,32,36,39
20,32,38,39
20,32,38,41
20,32,38,42
20,32,38,45
20,32,39,41
20,32,39,42
20,34,38,39
20,34,38,41
20,34,38,42
20,34,38,45
20,34,39,41
20,34,39,42
20,36,38
20,36,39,45
20,36,41
20,36,42
20,36,51
20,36,52
20,37,38
20,37,39
20,37,41
20,37,42
20,37,45
20,37,51
20,37,52
20,38,51
20,38,52
20,39,41,52
20,39,42,52
20,41,51
20,42,51
20,51,52
21,30,36,39
21,30,36,45
21,30,38
21,30,41
21,30,42
21,30,51
21,30,52
21,31,36,39
21,31,36,45
21,31,38
21,31,41
21,31,42
21,31,51
21,31,52
21,32,36,39
21,32,38,39
21,32,38,41
21,32,38,42
21,32,38,45
21,32,39,41
21,32,39,42
21,34,38,39
21,34,38,41
21,34,38,42
21,34,38,45
21,34,39,41
21,34,39,42
21,36,38
21,36,39,45
21,36,41
21,36,42
21,36,51
21,36,52
21,37,38
21,37,39
21,37,41
21,37,42
21,37,45
21,37,51
21,37,52
21,38,51
21,38,52
21,39,41,52
21,39,42,52
21,41,51
21,42,51
21,51,52
22,30,36,39
22,30,36,45
22,30,38
22,30,41
22,30,42
22,30,51
22,30,52
22,31,36,39
22,31,36,45
22,31,38
22,31,41
22,31,42
22,31,51
22,31,52
22,32,36,39
22,32,38,39
22,32,38,41
22,32,38,42
22,32,38,45
22,32,39,41
22,32,39,42
22,34,38,39
22,34,38,41
22,34,38,42
22,34,38,45
22,34,39,41
22,34,39,42
22,36,38
22,36,39,45
22,36,41
22,36,42
22,36,51
22,36,52
22,37,38
22,37,39
22,37,41
22,37,42
22,37,45
22,37,51
22,37,52
22,38,51
22,38,52
22,39,41,52
22,39,42,52
22,41,51
22,42,51
22,51,52
23,30,36,39
23,30,36,45
23,30,38
23,30,41
23,30,42
23,30,51
23,30,52
23,31,36,39
23,31,36,45
23,31,38
23,31,41
23,31,42
23,31,51
23,31,52
23,32,36,39
23,32,38,39
23,32,38,41
23,32,38,42
23,32,38,45
23,32,39,41
23,32,39,42
23,34,38,39
23,34,38,41
23,34,38,42
23,34,38,45
23,34,39,41
23,34,39,42
23,36,38
23,36,39,45
23,36,41
23,36,42
23,36,51
23,36,52
23,37,38
23,37,39
23,37,41
23,37,42
23,37,45
23,37,51
23,37,52
23,38,51
23,38,52
23,39,41,52
23,39,42,52
23,41,51
23,42,51
23,51,52
24,30,36,39
24,30,36,45
24,30,38
24,30,41
24,30,42
24,30,51
24,30,52
24,31,36,39
24,31,36,45
24,31,38
24,31,41
24,31,42
24,31,51
24,31,52
24,32,36,39
24,32,38,39
24,32,38,41
24,32,38,42
24,32,38,45
24,32,39,41
24,32,39,42
24,34,38,39
24,34,38,41
24,34,38,42
24,34,38,45
24,34,39,41
24,34,39,42
24,36,38
24,36,39,45
24,36,41
24,36,42
24,36,51
24,36,52
24,37,38
24,37,39
24,37,41
24,37,42
24,37,45
24,37,51
24,37,52
24,38,51
24,38,52
24,39,41,52
24,39,42,52
24,41,51
24,42,51
24,51,52
25,30,36,39
25,30,36,45
25,30,38
25,30,41
25,30,42
25,30,51
25,30,52
25,31,36,39
25,31,36,45
25,31,38
25,31,41
25,31,42
25,31,51
25,31,52
25,32,36,39
25,32,38,39
25,32,38,41
25,32,38,42
25,32,38,45
25,32,39,41
25,32,39,42
25,34,38,39
25,34,38,41
25,34,38,42
25,34,38,45
25,34,39,41
25,34,39,42
25,36,38
25,36,39,45
25,36,41
25,36,42
25,36,51
25,36,52
25,37,38
25,37,39
25,37,41
25,37,42
25,37,45
25,37,51
25,37,52
25,38,51
25,38,52
25,39,41,52
25,39,42,52
25,41,51
25,42,51
25,51,52
26,30,36,39
26,30,36,45
26,30,38
26,30,41
26,30,42
26,30,51
26,30,52
26,31,36,39
26,31,36,45
26,31,38
26,31,41
26,31,42
26,31,51
26,31,52
26,32,36,39
26,32,38,39
26,32,38,41
26,32,38,42
26,32,38,45
26,32,39,41
26,32,39,42
26,34,38,39
26,34,38,41
26,34,38,42
26,34,38,45
26,34,39,41
26,34,39,42
26,36,38
26,36,39,45
26,36,41
26,36,42
26,36,51
26,36,52
26,37,38
26,37,39
26,37,41
26,37,42
26,37,45
26,37,51
26,37,52
26,38,51
26,38,52
26,39,41,52
26,39,42,52
26,41,51
26,42,51
26,51,52
27,30,36,39
27,30,36,45
27,30,38
27,30,41
27,30,42
27,30,51
27,30,52
27,31,36,39
27,31,36,45
27,31,38
27,31,41
27,31,42
27,31,51
27,31,52
27,32,36,39
27,32,38,39
27,32,38,41
27,32,38,42
27,32,38,45
27,32,39,41
27,32,39,42
27,34,38,39
27,34,38,41
27,34,38,42
27,34,38,45
27,34,39,41
27,34,39,42
27,36,38
27,36,39,45
27,36,41
27,36,42
27,36,51
27,36,52
27,37,38
27,37,39
27,37,41
27,37,42
27,37,45
27,37,51
27,37,52
27,38,51
27,38,52
27,39,41,52
27,39,42,52
27,41,51
27,42,51
27,51,52
28,30,36,39
28,30,36,45
28,30,38
28,30,41
28,30,42
28,30,51
28,30,52
28,31,36,39
28,31,36,45
28,31,38
28,31,41
28,31,42
28,31,51
28,31,52
28,32,36,39
28,32,38,39
28,32,38,41
28,32,38,42
28,32,38,45
28,32,39,41
28,32,39,42
28,34,38,39
28,34,38,41
28,34,38,42
28,34,38,45
28,34,39,41
28,34,39,42
28,36,38
28,36,39,45
28,36,41
28,36,42
28,36,51
28,36,52
28,37,38
28,37,39
28,37,41
28,37,42
28,37,45
28,37,51
28,37,52
28,38,51
28,38,52
28,39,41,52
28,39,42,52
28,41,51
28,42,51
28,51,52
29,30,36,39
29,30,36,45
29,30,37,45
29,30,38
29,30,41
29,30,42
29,30,51
29,30,52
29,31,36,39
29,31,36,45
29,31,37,45
29,31,38
29,31,41
29,31,42
29,31,51
29,31,52
29,32,36,39
29,32,37,45
29,32,38,39
29,32,38,41
29,32,38,42
29,32,38,45
29,32,39,41
29,32,39,42
29,33,37,45
29,34,37,45
29,34,38,39
29,34,38,41
29,34,38,42
29,34,38,45
29,34,39,41
29,34,39,42
29,36,37,45
29,36,38
29,36,39,45
29,36,41
29,36,42
29,36,51
29,36,52
29,37,38
29,37,39
29,37,41
29,37,42
29,37,43,45
29,37,45,54
29,37,45,55
29,37,45,58
29,37,45,60
29,37,51
29,37,52
29,38,51
29,38,52
29,39,41,52
29,39,42,52
29,41,51
29,42,51
29,51,52
30,35,36,39
30,35,36,45
30,35,37,45
30,35,38
30,35,41
30,35,42
30,35,51
30,35,52
30,36,39,40
30,36,39,46
30,36,39,50
30,36,40,45
30,36,45,46
30,36,45,50
30,38,40
30,38,46
30,38,50
30,40,41
30,40,42
30,40,51
30,40,52
30,41,46
30,41,50
30,42,46
30,42,50
30,46,51
30,46,52
30,50,51
30,50,52
31,35,36,39
31,35,36,45
31,35,37,45
31,35,38
31,35,41
31,35,42
31,35,51
31,35,52
31,36,39,40
31,36,39,46
31,36,39,50
31,36,40,45
31,36,45,46
31,36,45,50
31,38,40
31,38,46
31,38,50
31,40,41
31,40,42
31,40,51
31,40,52
31,41,46
31,41,50
31,42,46
31,42,50
31,46,51
31,46,52
31,50,51
31,50,52
32,35,36,39
32,35,37,45
32,35,38,39
32,35,38,41
32,35,38,42
32,35,38,45
32,35,39,41
32,35,39,42
32,36,39,40
32,36,39,46
32,36,39,50
32,38,39,40
32,38,39,46
32,38,39,50
32,38,40,41
32,38,40,42
32,38,40,45
32,38,41,46
32,38,41,50
32,38,42,46
32,38,42,50
32,38,45,46
32,38,45,50
32,39,40,41
32,39,40,42
32,39,41,46
32,39,41,50
32,39,42,46
32,39,42,50
33,35,37,45
34,35,37,45
34,35,38,39
34,35,38,41
34,35,38,42
34,35,38,45
34,35,39,41
34,35,39,42
34,38,39,40
34,38,39,46
34,38,39,50
34,38,40,41
34,38,40,42
34,38,40,45
34,38,41,46
34,38,41,50
34,38,42,46
34,38,42,50
34,38,45,46
34,38,45,50
34,39,40,41
34,39,40,42
34,39,41,46
34,39,41,50
34,39,42,46
34,39,42,50
35,36,37,45
35,36,38
35,36,39,45
35,36,41
35,36,42
35,36,51
35,36,52
35,37,38
35,37,39
35,37,41
35,37,42
35,37,43,45
35,37,45,54
35,37,45,55
35,37,45,58
35,37,45,60
35,37,51
35,37,52
35,38,51
35,38,52
35,39,41,52
35,39,42,52
35,41,51
35,42,51
35,51,52
36,38,40
36,38,46
36,38,50
36,39,40,45
36,39,45,46
36,39,45,50
36,40,41
36,40,42
36,40,51
36,40,52
36,41,46
36,41,50
36,42,46
36,42,50
36,46,51
36,46,52
36,50,51
36,50,52
37,38,40
37,38,46
37,38,50
37,39,40
37,39,46
37,39,50
37,40,41
37,40,42
37,40,45
37,40,51
37,40,52
37,41,46
37,41,50
37,42,46
37,42,50
37,45,46
37,45,50
37,46,51
37,46,52
37,50,51
37,50,52
38,40,51
38,40,52
38,46,51
38,46,52
38,50,51
38,50,52
39,40,41,52
39,40,42,52
39,41,46,52
39,41,50,52
39,42,46,52
39,42,50,52
40,41,51
40,42,51
40,51,52
41,46,51
41,50,51
42,46,51
42,50,51
46,51,52
50,51,52
