109
3,9
3,10
3,20
3,21
3,22
3,23
3,24
3,25
3,26
3,27
3,28
3,29
3,30
3,31,39,45
3,31,42
3,32,39,42
3,32,39,45
3,34,39,42
3,34,39,45
3,35
3,36,39
3,36,42
3,36,43
3,36,45
3,37
3,38
3,40
3,41
3,46
3,50
3,51
3,52
3,54
3,55
4,9,10
4,9,20
4,9,21
4,9,22
4,9,23
4,9,24
4,9,25
4,9,26
4,9,27
4,9,28
4,9,29
4,9,34
4,9,35
4,9,39
4,9,40
4,9,43
4,9,45
4,9,46
4,9,50
4,9,54
4,9,55
4,10,31,36
4,10,31,39,45
4,10,42
4,10,51
4,20,31,36
4,20,31,39,45
4,20,34,42
4,20,39,42
4,20,51
4,21,31,36
4,21,31,39,45
4,21,34,42
4,21,39,42
4,21,51
4,22,31,36
4,22,31,39,45
4,22,34,42
4,22,39,42
4,22,51
4,23,31,36
4,23,31,39,45
4,23,34,42
4,23,39,42
4,23,51
4,24,31,36
4,24,31,39,45
4,24,34,42
4,24,39,42
4,24,51
4,25,31,36
4,25,31,39,45
4,25,34,42
4,25,39,42
4,25,51
4,26,31,36
4,26,31,39,45
4,26,34,42
4,26,39,42
4,26,51
4,27,31,36
4,27,31,39,45
4,27,34,42
4,27,39,42
4,27,51
4,28,31,36
4,28,31,39,45
4,28,34,42
4,28,39,42
4,28,51
4,29,31,36
4,29,31,39,45
4,29,42
4,29,51
4,30,36
4,30,37
4,30,38
4,30,39,45
4,30,42
4,30,51
4,30,52
4,31,35,36
4,31,35,39,45
4,31,36,39
4,31,36,40
4,31,36,43
4,31,36,45
4,31,36,46
4,31,36,50
4,31,36,54
4,31,36,55
4,31,37
4,31,38
4,31,39,40,45
4,31,39,45,46
4,31,39,45,50
4,31,39,45,54
4,31,39,45,55
4,31,42
4,31,51
4,31,52
4,32,39,42
4,32,51
4,33,51
4,34,39,42
4,34,42,50
4,34,42,54
4,34,42,55
4,34,51
4,35,42
4,35,51
4,36,37
4,36,38
4,36,42
4,36,51
4,37,38
4,37,42
4,37,45
4,37,51
4,37,52
4,38,39
4,38,42
4,38,51
4,38,52
4,39,42,50
4,39,42,54
4,39,42,55
4,39,43,52
4,39,45,52
4,40,42
4,40,51
4,41
4,42,46
4,42,51
4,42,52
4,43,51
4,44,51
4,45,51
4,46,51
4,50,51
4,51,52
4,51,54
4,51,55
4,51,56
4,51,57
4,51,58
4,51,59
4,51,60
5,9
5,10
5,20
5,21
5,22
5,23
5,24
5,25
5,26
5,27
5,28
5,29
5,30
5,31,39,45
5,31,42
5,32,39,42
5,32,39,45
5,34,39,42
5,34,39,45
5,35
5,36,39
5,36,42
5,36,43
5,36,45
5,37
5,38
5,40
5,41
5,46
5,50
5,51
5,52
5,54
5,55
9,30
9,31
9,36
9,37
9,38
9,41
9,42
9,51
9,52
10,36,39,42
20,36,39,42
21,36,39,42
22,36,39,42
23,36,39,42
24,36,39,42
25,36,39,42
26,36,39,42
27,36,39,42
28,36,39,42
29,36,39,42
30,36,39,42
30,37,38,39
30,37,38,41
30,37,38,42
30,37,39,41
30,37,39,42
30,39,52
30,41,52
30,42,52
30,51,52
31,36,39,42
31,37,38,39
31,37,38,41
31,37,38,42
31,37,39,41
31,37,39,42
31,39,52
31,41,52
31,42,52
31,51,52
35,36,39,42
36,37,39,42
36,37,41,52
36,37,42,52
36,38,39
36,38,41
36,38,42
36,38,51
36,39,40,42
36,39,41
36,39,42,46
36,39,42,50
36,39,42,54
36,39,42,55
36,39,51
36,39,52
36,51,52
37,38,51
37,39,51
37,51,52
38,51,52
39,51,52
41,51,52
42,51,52
45,51,52
