109
3,9
3,10
3,11
3,12
3,13
3,14
3,15
3,16
3,17
3,18
3,19
3,20,31
3,20,32
3,20,34
3,20,36
3,20,38
3,20,43
3,20,45
3,20,46
3,21,31
3,21,32
3,21,34
3,21,36
3,21,38
3,21,43
3,21,45
3,21,46
3,22,31
3,22,32
3,22,34
3,22,36
3,22,38
3,22,43
3,22,45
3,22,46
3,23,31
3,23,32
3,23,34
3,23,36
3,23,38
3,23,43
3,23,45
3,23,46
3,24,31
3,24,32
3,24,34
3,24,36
3,24,38
3,24,43
3,24,45
3,24,46
3,25,31
3,25,32
3,25,34
3,25,36
3,25,38
3,25,43
3,25,45
3,25,46
3,26,31
3,26,32
3,26,34
3,26,36
3,26,38
3,26,43
3,26,45
3,26,46
3,27,31
3,27,32
3,27,34
3,27,36
3,27,38
3,27,43
3,27,45
3,27,46
3,28,31
3,28,32
3,28,34
3,28,36
3,28,38
3,28,43
3,28,45
3,28,46
3,29
3,30
3,31,36
3,31,39
3,31,46
3,32,38
3,32,46
3,34,38
3,34,44,46
3,34,46,56
3,34,46,57
3,34,46,58
3,34,46,59
3,34,46,60
3,35
3,36,39
3,36,46
3,37
3,38,39
3,38,43
3,38,45
3,39,45
3,39,46
3,40
3,41
3,42
3,43,46
3,45,46
3,50
3,51
3,52
3,54
3,55
4,9,32
4,9,34
4,9,36
4,9,39
4,9,51
4,9,52
4,10,42
4,11,42
4,12,42
4,13,42
4,14,42
4,15,42
4,16,42
4,17,42
4,18,42
4,19,42
4,20,42
4,21,42
4,22,42
4,23,42
4,24,42
4,25,42
4,26,42
4,27,42
4,28,42
4,29,42
4,30,39
4,31,36
4,31,39
4,31,42
4,31,51
4,32,38
4,32,39,52
4,32,42
4,32,51
4,33,39,52
4,33,42
4,34,39,52
4,34,42
4,34,51
4,35,42
4,36,39
4,36,42
4,36,51
4,37
4,38,39
4,38,42
4,38,43
4,38,51
4,39,42
4,39,43,52
4,39,45,52
4,39,51
4,40,42
4,41
4,42,50
4,42,51
4,42,54
4,42,55
4,43,51
4,45,51
4,51,52
5,9
5,10
5,11
5,12
5,13
5,14
5,15
5,16
5,17
5,18
5,19
5,20,31
5,20,32
5,20,34
5,20,36
5,20,38
5,20,43
5,20,45
5,20,46
5,21,31
5,21,32
5,21,34
5,21,36
5,21,38
5,21,43
5,21,45
5,21,46
5,22,31
5,22,32
5,22,34
5,22,36
5,22,38
5,22,43
5,22,45
5,22,46
5,23,31
5,23,32
5,23,34
5,23,36
5,23,38
5,23,43
5,23,45
5,23,46
5,24,31
5,24,32
5,24,34
5,24,36
5,24,38
5,24,43
5,24,45
5,24,46
5,25,31
5,25,32
5,25,34
5,25,36
5,25,38
5,25,43
5,25,45
5,25,46
5,26,31
5,26,32
5,26,34
5,26,36
5,26,38
5,26,43
5,26,45
5,26,46
5,27,31
5,27,32
5,27,34
5,27,36
5,27,38
5,27,43
5,27,45
5,27,46
5,28,31
5,28,32
5,28,34
5,28,36
5,28,38
5,28,43
5,28,45
5,28,46
5,29
5,30
5,31,36
5,31,39
5,31,46
5,32,38
5,32,46
5,34,38
5,34,44,46
5,34,46,56
5,34,46,57
5,34,46,58
5,34,46,59
5,34,46,60
5,35
5,36,39
5,36,46
5,37
5,38,39
5,38,43
5,38,45
5,39,45
5,39,46
5,40
5,41
5,42
5,43,46
5,45,46
5,50
5,51
5,52
5,54
5,55
9,10,36
9,11,36
9,12,36
9,13,36
9,14,36
9,15,36
9,16,36
9,17,36
9,18,36
9,19,36
9,20,36
9,21,36
9,22,36
9,23,36
9,24,36
9,25,36
9,26,36
9,27,36
9,28,36
9,29,36
9,30
9,31
9,32,36
9,32,51
9,32,52
9,33,36
9,33,52
9,34,36
9,34,52
9,35,36
9,36,39
9,36,40
9,36,43
9,36,50
9,36,51
9,36,52
9,36,54
9,36,55
9,37
9,38
9,39,51
9,39,52
9,41
9,42
9,43,51
9,43,52
9,44,51
9,45
9,51,52
9,51,56
9,51,57
9,51,58
9,51,59
9,51,60
10,32,36,39,46
10,34,36,39,44,46
10,34,36,39,46,56
10,34,36,39,46,57
10,34,36,39,46,58
10,34,36,39,46,59
10,34,36,39,46,60
10,36,39,43,46
11,32,36,39,46
11,34,36,39,44,46
11,34,36,39,46,56
11,34,36,39,46,57
11,34,36,39,46,58
11,34,36,39,46,59
11,34,36,39,46,60
11,36,39,43,46
12,32,36,39,46
12,34,36,39,44,46
12,34,36,39,46,56
12,34,36,39,46,57
12,34,36,39,46,58
12,34,36,39,46,59
12,34,36,39,46,60
12,36,39,43,46
13,32,36,39,46
13,34,36,39,44,46
13,34,36,39,46,56
13,34,36,39,46,57
13,34,36,39,46,58
13,34,36,39,46,59
13,34,36,39,46,60
13,36,39,43,46
14,32,36,39,46
14,34,36,39,44,46
14,34,36,39,46,56
14,34,36,39,46,57
14,34,36,39,46,58
14,34,36,39,46,59
14,34,36,39,46,60
14,36,39,43,46
15,32,36,39,46
15,34,36,39,44,46
15,34,36,39,46,56
15,34,36,39,46,57
15,34,36,39,46,58
15,34,36,39,46,59
15,34,36,39,46,60
15,36,39,43,46
16,32,36,39,46
16,34,36,39,44,46
16,34,36,39,46,56
16,34,36,39,46,57
16,34,36,39,46,58
16,34,36,39,46,59
16,34,36,39,46,60
16,36,39,43,46
17,32,36,39,46
17,34,36,39,44,46
17,34,36,39,46,56
17,34,36,39,46,57
17,34,36,39,46,58
17,34,36,39,46,59
17,34,36,39,46,60
17,36,39,43,46
18,32,36,39,46
18,34,36,39,44,46
18,34,36,39,46,56
18,34,36,39,46,57
18,34,36,39,46,58
18,34,36,39,46,59
18,34,36,39,46,60
18,36,39,43,46
19,32,36,39,46
19,34,36,39,44,46
19,34,36,39,46,56
19,34,36,39,46,57
19,34,36,39,46,58
19,34,36,39,46,59
19,34,36,39,46,60
19,36,39,43,46
20,32,36,39,46
20,34,36,39,44,46
20,34,36,39,46,56
20,34,36,39,46,57
20,34,36,39,46,58
20,34,36,39,46,59
20,34,36,39,46,60
20,36,39,43,46
21,32,36,39,46
21,34,36,39,44,46
21,34,36,39,46,56
21,34,36,39,46,57
21,34,36,39,46,58
21,34,36,39,46,59
21,34,36,39,46,60
21,36,39,43,46
22,32,36,39,46
22,34,36,39,44,46
22,34,36,39,46,56
22,34,36,39,46,57
22,34,36,39,46,58
22,34,36,39,46,59
22,34,36,39,46,60
22,36,39,43,46
23,32,36,39,46
23,34,36,39,44,46
23,34,36,39,46,56
23,34,36,39,46,57
23,34,36,39,46,58
23,34,36,39,46,59
23,34,36,39,46,60
23,36,39,43,46
24,32,36,39,46
24,34,36,39,44,46
24,34,36,39,46,56
24,34,36,39,46,57
24,34,36,39,46,58
24,34,36,39,46,59
24,34,36,39,46,60
24,36,39,43,46
25,32,36,39,46
25,34,36,39,44,46
25,34,36,39,46,56
25,34,36,39,46,57
25,34,36,39,46,58
25,34,36,39,46,59
25,34,36,39,46,60
25,36,39,43,46
26,32,36,39,46
26,34,36,39,44,46
26,34,36,39,46,56
26,34,36,39,46,57
26,34,36,39,46,58
26,34,36,39,46,59
26,34,36,39,46,60
26,36,39,43,46
27,32,36,39,46
27,34,36,39,44,46
27,34,36,39,46,56
27,34,36,39,46,57
27,34,36,39,46,58
27,34,36,39,46,59
27,34,36,39,46,60
27,36,39,43,46
28,32,36,39,46
28,34,36,39,44,46
28,34,36,39,46,56
28,34,36,39,46,57
28,34,36,39,46,58
28,34,36,39,46,59
28,34,36,39,46,60
28,36,39,43,46
29,31,36
29,31,42
29,31,51
29,32,36,39
29,32,36,51
29,34,36,39,44
29,34,36,39,56
29,34,36,39,57
29,34,36,39,58
29,34,36,39,59
29,34,36,39,60
29,34,36,51
29,36,39,43
29,36,39,45
29,36,42
29,36,45,51
29,38,51
29,42,51
30,36
30,37
30,38
30,41
30,42
30,51
30,52
31,36,39
31,36,40
31,36,46
31,37
31,38
31,39,42
31,39,51
31,40,42
31,40,51
31,41
31,42,46
31,46,51
31,52
32,35,36,39,46
32,36,39,40
32,36,39,46,50
32,36,39,46,54
32,36,39,46,55
32,36,40,51
32,36,46,51
32,37,41
32,37,42
32,38,51
32,39,45,52
33,37,41
33,37,42
33,38,51
34,35,36,39,44,46
34,35,36,39,46,56
34,35,36,39,46,57
34,35,36,39,46,58
34,35,36,39,46,59
34,35,36,39,46,60
34,36,39,40,44
34,36,39,40,56
34,36,39,40,57
34,36,39,40,58
34,36,39,40,59
34,36,39,40,60
34,36,39,44,46,50
34,36,39,44,46,54
34,36,39,44,46,55
34,36,39,46,50,56
34,36,39,46,50,57
34,36,39,46,50,58
34,36,39,46,50,59
34,36,39,46,50,60
34,36,39,46,54,56
34,36,39,46,54,57
34,36,39,46,54,58
34,36,39,46,54,59
34,36,39,46,54,60
34,36,39,46,55,56
34,36,39,46,55,57
34,36,39,46,55,58
34,36,39,46,55,59
34,36,39,46,55,60
34,36,40,51
34,36,46,51
34,37,41
34,37,42
34,38,51
35,36,39,43,46
36,37
36,38
36,39,40,43
36,39,40,45
36,39,42
36,39,43,46,50
36,39,43,46,54
36,39,43,46,55
36,39,45,46
36,39,51
36,39,52
36,40,42
36,40,45,51
36,41
36,42,46
36,45,46,51
36,51,52
37,38
37,39
37,51
37,52
38,39,51
38,40,51
38,42,51
38,43,51
38,44,51
38,45,51
38,46,51
38,51,56
38,51,57
38,51,58
38,51,59
38,51,60
38,52
39,42,51
39,51,52
40,42,51
41,51
41,52
42,46,51
42,52
