109
3,9
3,10
3,11
3,12
3,13
3,14
3,15
3,16
3,17
3,18
3,19
3,20
3,21
3,22
3,23
3,24
3,25
3,26
3,27
3,28
3,29
3,30
3,31,36
3,31,43
3,31,45
3,32,36
3,32,45
3,33,36
3,33,45
3,34,36
3,34,45
3,35
3,36,43
3,36,44
3,36,45
3,36,56
3,36,57
3,36,58
3,36,59
3,36,60
3,37
3,38
3,39
3,40
3,41
3,42
3,43,45
3,45,57
3,45,58
3,45,60
3,46
3,50
3,51
3,52
3,54
3,55
4,9,30
4,9,31
4,9,32
4,9,33,57
4,9,34
4,9,36
4,9,39
4,9,43
4,9,45
4,9,58
4,9,60
4,10,31,44
4,10,31,56
4,10,31,57
4,10,31,58
4,10,31,59
4,10,31,60
4,10,32,34,42
4,10,32,39,43
4,10,36,39
4,11,31,44
4,11,31,56
4,11,31,57
4,11,31,58
4,11,31,59
4,11,31,60
4,11,32,34,42
4,11,32,39,43
4,11,36,39
4,12,31,44
4,12,31,56
4,12,31,57
4,12,31,58
4,12,31,59
4,12,31,60
4,12,32,34,42
4,12,32,39,43
4,12,36,39
4,13,31,44
4,13,31,56
4,13,31,57
4,13,31,58
4,13,31,59
4,13,31,60
4,13,32,34,42
4,13,32,39,43
4,13,36,39
4,14,31,44
4,14,31,56
4,14,31,57
4,14,31,58
4,14,31,59
4,14,31,60
4,14,32,34,42
4,14,32,39,43
4,14,36,39
4,15,31,44
4,15,31,56
4,15,31,57
4,15,31,58
4,15,31,59
4,15,31,60
4,15,32,34,42
4,15,32,39,43
4,15,36,39
4,16,31,44
4,16,31,56
4,16,31,57
4,16,31,58
4,16,31,59
4,16,31,60
4,16,32,34,42
4,16,32,39,43
4,16,36,39
4,17,31,44
4,17,31,56
4,17,31,57
4,17,31,58
4,17,31,59
4,17,31,60
4,17,32,34,42
4,17,32,39,43
4,17,36,39
4,18,31,44
4,18,31,56
4,18,31,57
4,18,31,58
4,18,31,59
4,18,31,60
4,18,32,34,42
4,18,32,39,43
4,18,36,39
4,19,31,44
4,19,31,56
4,19,31,57
4,19,31,58
4,19,31,59
4,19,31,60
4,19,32,34,42
4,19,32,39,43
4,19,36,39
4,20,31,44
4,20,31,56
4,20,31,57
4,20,31,58
4,20,31,59
4,20,31,60
4,20,32,34,42
4,20,32,39,43
4,20,36,39
4,21,31,44
4,21,31,56
4,21,31,57
4,21,31,58
4,21,31,59
4,21,31,60
4,21,32,34,42
4,21,32,39,43
4,21,36,39
4,22,31,44
4,22,31,56
4,22,31,57
4,22,31,58
4,22,31,59
4,22,31,60
4,22,32,34,42
4,22,32,39,43
4,22,36,39
4,23,31,44
4,23,31,56
4,23,31,57
4,23,31,58
4,23,31,59
4,23,31,60
4,23,32,34,42
4,23,32,39,43
4,23,36,39
4,24,31,44
4,24,31,56
4,24,31,57
4,24,31,58
4,24,31,59
4,24,31,60
4,24,32,34,42
4,24,32,39,43
4,24,36,39
4,25,31,44
4,25,31,56
4,25,31,57
4,25,31,58
4,25,31,59
4,25,31,60
4,25,32,34,42
4,25,32,39,43
4,25,36,39
4,26,31,44
4,26,31,56
4,26,31,57
4,26,31,58
4,26,31,59
4,26,31,60
4,26,32,34,42
4,26,32,39,43
4,26,36,39
4,27,31,44
4,27,31,56
4,27,31,57
4,27,31,58
4,27,31,59
4,27,31,60
4,27,32,34,42
4,27,32,39,43
4,27,36,39
4,28,31,44
4,28,31,56
4,28,31,57
4,28,31,58
4,28,31,59
4,28,31,60
4,28,32,34,42
4,28,32,39,43
4,28,36,39
4,29,31,44
4,29,31,56
4,29,31,57
4,29,31,58
4,29,31,59
4,29,31,60
4,29,32,34,42
4,29,32,39,43
4,29,36,39
4,30,36
4,30,38
4,30,39
4,30,41
4,30,42
4,30,43
4,30,44
4,30,45
4,30,51
4,30,52
4,30,56
4,30,57
4,30,58
4,30,59
4,30,60
4,31,35,44
4,31,35,56
4,31,35,57
4,31,35,58
4,31,35,59
4,31,35,60
4,31,36
4,31,38
4,31,39
4,31,40,44
4,31,40,56
4,31,40,57
4,31,40,58
4,31,40,59
4,31,40,60
4,31,41
4,31,42
4,31,43
4,31,44,46
4,31,44,50
4,31,44,54
4,31,44,55
4,31,45
4,31,46,56
4,31,46,57
4,31,46,58
4,31,46,59
4,31,46,60
4,31,50,56
4,31,50,57
4,31,50,58
4,31,50,59
4,31,50,60
4,31,51
4,31,52
4,31,54,56
4,31,54,57
4,31,54,58
4,31,54,59
4,31,54,60
4,31,55,56
4,31,55,57
4,31,55,58
4,31,55,59
4,31,55,60
4,32,34,35,42
4,32,34,40,42
4,32,34,41
4,32,34,42,46
4,32,34,42,50
4,32,34,42,54
4,32,34,42,55
4,32,35,39,43
4,32,38
4,32,39,40,43
4,32,39,41
4,32,39,42
4,32,39,43,46
4,32,39,43,50
4,32,39,43,54
4,32,39,43,55
4,32,39,45
4,32,51
4,33,51
4,34,36,39
4,34,51
4,34,52
4,35,36,39
4,36,39,40
4,36,39,45
4,36,39,46
4,36,39,50
4,36,39,54
4,36,39,55
4,36,41
4,36,42
4,36,51
4,36,52
4,37
4,38,51
4,38,52
4,39,51
4,39,52
4,41,51
4,41,52
4,42,51
4,42,52
4,43,51
4,43,52
4,44,51
4,45,51
4,45,52
4,51,56
4,51,57
4,51,58
4,51,59
4,51,60
5,9
5,10
5,11
5,12
5,13
5,14
5,15
5,16
5,17
5,18
5,19
5,20
5,21
5,22
5,23
5,24
5,25
5,26
5,27
5,28
5,29
5,30
5,31,36
5,31,43
5,31,45
5,32,36
5,32,45
5,33,36
5,33,45
5,34,36
5,34,45
5,35
5,36,43
5,36,44
5,36,45
5,36,56
5,36,57
5,36,58
5,36,59
5,36,60
5,37
5,38
5,39
5,40
5,41
5,42
5,43,45
5,45,57
5,45,58
5,45,60
5,46
5,50
5,51
5,52
5,54
5,55
9,10,32,39
9,10,33,39
9,10,39,43
9,10,39,44
9,10,39,56
9,10,39,57
9,10,39,58
9,10,39,59
9,10,39,60
9,10,45
9,11,32,39
9,11,33,39
9,11,39,43
9,11,39,44
9,11,39,56
9,11,39,57
9,11,39,58
9,11,39,59
9,11,39,60
9,11,45
9,12,32,39
9,12,33,39
9,12,39,43
9,12,39,44
9,12,39,56
9,12,39,57
9,12,39,58
9,12,39,59
9,12,39,60
9,12,45
9,13,32,39
9,13,33,39
9,13,39,43
9,13,39,44
9,13,39,56
9,13,39,57
9,13,39,58
9,13,39,59
9,13,39,60
9,13,45
9,14,32,39
9,14,33,39
9,14,39,43
9,14,39,44
9,14,39,56
9,14,39,57
9,14,39,58
9,14,39,59
9,14,39,60
9,14,45
9,15,32,39
9,15,33,39
9,15,39,43
9,15,39,44
9,15,39,56
9,15,39,57
9,15,39,58
9,15,39,59
9,15,39,60
9,15,45
9,16,32,39
9,16,33,39
9,16,39,43
9,16,39,44
9,16,39,56
9,16,39,57
9,16,39,58
9,16,39,59
9,16,39,60
9,16,45
9,17,32,39
9,17,33,39
9,17,39,43
9,17,39,44
9,17,39,56
9,17,39,57
9,17,39,58
9,17,39,59
9,17,39,60
9,17,45
9,18,32,39
9,18,33,39
9,18,39,43
9,18,39,44
9,18,39,56
9,18,39,57
9,18,39,58
9,18,39,59
9,18,39,60
9,18,45
9,19,32,39
9,19,33,39
9,19,39,43
9,19,39,44
9,19,39,56
9,19,39,57
9,19,39,58
9,19,39,59
9,19,39,60
9,19,45
9,20,32,39
9,20,33,39
9,20,39,43
9,20,39,44
9,20,39,56
9,20,39,57
9,20,39,58
9,20,39,59
9,20,39,60
9,20,45
9,21,32,39
9,21,33,39
9,21,39,43
9,21,39,44
9,21,39,56
9,21,39,57
9,21,39,58
9,21,39,59
9,21,39,60
9,21,45
9,22,32,39
9,22,33,39
9,22,39,43
9,22,39,44
9,22,39,56
9,22,39,57
9,22,39,58
9,22,39,59
9,22,39,60
9,22,45
9,23,32,39
9,23,33,39
9,23,39,43
9,23,39,44
9,23,39,56
9,23,39,57
9,23,39,58
9,23,39,59
9,23,39,60
9,23,45
9,24,32,39
9,24,33,39
9,24,39,43
9,24,39,44
9,24,39,56
9,24,39,57
9,24,39,58
9,24,39,59
9,24,39,60
9,24,45
9,25,32,39
9,25,33,39
9,25,39,43
9,25,39,44
9,25,39,56
9,25,39,57
9,25,39,58
9,25,39,59
9,25,39,60
9,25,45
9,26,32,39
9,26,33,39
9,26,39,43
9,26,39,44
9,26,39,56
9,26,39,57
9,26,39,58
9,26,39,59
9,26,39,60
9,26,45
9,27,32,39
9,27,33,39
9,27,39,43
9,27,39,44
9,27,39,56
9,27,39,57
9,27,39,58
9,27,39,59
9,27,39,60
9,27,45
9,28,32,39
9,28,33,39
9,28,39,43
9,28,39,44
9,28,39,56
9,28,39,57
9,28,39,58
9,28,39,59
9,28,39,60
9,28,45
9,29,32,39
9,29,33,39
9,29,39,43
9,29,39,44
9,29,39,56
9,29,39,57
9,29,39,58
9,29,39,59
9,29,39,60
9,29,45
9,30,36
9,30,39
9,30,43
9,30,45
9,31,36
9,31,39
9,31,43
9,31,45
9,32,34,45
9,32,35,39
9,32,36
9,32,39,40
9,32,39,46
9,32,39,50
9,32,39,54
9,32,39,55
9,33,35,39
9,33,36
9,33,39,40
9,33,39,46
9,33,39,50
9,33,39,54
9,33,39,55
9,34,36
9,34,39
9,34,43,45
9,34,45,56
9,34,45,58
9,34,45,60
9,35,39,43
9,35,39,44
9,35,39,56
9,35,39,57
9,35,39,58
9,35,39,59
9,35,39,60
9,35,45
9,36,43
9,36,44
9,36,45
9,36,56
9,36,57
9,36,58
9,36,59
9,36,60
9,37
9,38
9,39,40,43
9,39,40,44
9,39,40,56
9,39,40,57
9,39,40,58
9,39,40,59
9,39,40,60
9,39,43,46
9,39,43,50
9,39,43,54
9,39,43,55
9,39,44,46
9,39,44,50
9,39,44,54
9,39,44,55
9,39,46,56
9,39,46,57
9,39,46,58
9,39,46,59
9,39,46,60
9,39,50,56
9,39,50,57
9,39,50,58
9,39,50,59
9,39,50,60
9,39,54,56
9,39,54,57
9,39,54,58
9,39,54,59
9,39,54,60
9,39,55,56
9,39,55,57
9,39,55,58
9,39,55,59
9,39,55,60
9,40,45
9,41
9,42
9,45,46
9,45,50
9,45,54
9,45,55
9,51
9,52
30,36,39
30,36,41
30,36,42
30,36,43
30,36,51
30,36,52
30,37,38
30,37,39
30,37,43
30,37,52
30,38,39
30,38,41
30,38,42
30,38,51
30,38,52
30,39,41
30,39,42
30,39,51
30,41,52
30,42,52
30,51,52
31,36,39
31,36,41
31,36,42
31,36,43
31,36,51
31,36,52
31,37,38
31,37,39
31,37,43
31,37,52
31,38,39
31,38,41
31,38,42
31,38,51
31,38,52
31,39,41
31,39,42
31,39,51
31,41,52
31,42,52
31,51,52
32,36,51
32,36,52
32,37,38
32,37,39,45
32,37,52
32,38,52
32,51,52
34,37,38
34,37,39,45
34,37,52
34,38,52
34,41,52
34,42,52
36,37,39
36,37,43
36,37,52
36,38
36,39,41
36,39,42
36,39,43
36,41,51
36,41,52
36,42,51
36,42,52
36,43,51
36,43,52
37,38,39
37,38,43
37,38,58
37,38,60
37,39,43
37,39,52
37,41
37,42
37,43,52
37,51
37,52,58
37,52,60
38,39,51
38,39,52
38,41,51
38,41,52
38,42,51
38,42,52
38,43,51
38,43,52
38,45,51
38,51,52
38,52,58
38,52,60
39,41,51
39,41,52
39,42,51
39,42,52
39,43,51
41,51,52
42,51,52
43,51,52
